530 155 2
591 155 2
530 186 2
591 186 2
347 217 4
408 217 4
530 217 2
591 217 2
347 248 4
469 248 2
530 248 2
591 248 2
652 248 2
713 248 2
347 279 4
408 279 2
469 279 2
530 279 2
591 279 2
652 279 2
347 310 4
408 310 2
469 310 2
530 310 2
347 341 4
408 341 2
469 341 2
347 372 4
408 372 2
469 372 4
530 372 4
591 372 4
347 403 4
408 403 2
469 403 4
530 403 4
591 403 4
652 403 4
347 434 4
408 434 4
469 434 4
591 434 4
652 434 4
347 465 4
408 465 4
469 465 4
652 465 4
408 496 4
652 496 4
408 527 4
591 527 4
652 527 4
408 558 4
469 558 4
530 558 4
591 558 4
652 558 4
408 589 4
469 589 4
530 589 4
591 589 4
