42 31 4
103 31 4
164 31 4
225 31 4
286 31 4
347 31 4
408 31 4
591 31 4
652 31 4
713 31 4
774 31 4
835 31 4
896 31 4
957 31 4
42 62 4
957 62 4
42 93 4
103 93 0
164 93 0
225 93 0
286 93 0
347 93 0
408 93 0
469 93 6
530 93 6
591 93 0
652 93 0
713 93 0
774 93 0
835 93 0
896 93 0
957 93 4
42 124 4
957 124 4
42 155 4
225 155 3
286 155 3
469 155 6
530 155 6
713 155 3
774 155 3
957 155 4
42 186 4
103 186 3
164 186 3
347 186 3
408 186 3
591 186 3
652 186 3
835 186 3
896 186 3
957 186 4
42 217 4
225 217 3
286 217 3
469 217 6
530 217 6
713 217 3
774 217 3
957 217 4
42 248 4
103 248 3
164 248 3
347 248 3
408 248 3
591 248 3
652 248 3
835 248 3
896 248 3
957 248 4
225 279 3
286 279 3
469 279 6
530 279 6
713 279 3
774 279 3
103 310 3
164 310 3
347 310 3
408 310 3
591 310 3
652 310 3
835 310 3
896 310 3
42 341 4
225 341 3
286 341 3
469 341 6
530 341 6
713 341 3
774 341 3
957 341 4
42 372 4
103 372 3
164 372 3
347 372 3
408 372 3
591 372 3
652 372 3
835 372 3
896 372 3
957 372 4
42 403 4
225 403 3
286 403 3
469 403 6
530 403 6
713 403 3
774 403 3
957 403 4
42 434 4
103 434 3
164 434 3
347 434 3
408 434 3
591 434 3
652 434 3
835 434 3
896 434 3
957 434 4
42 465 4
225 465 3
286 465 3
469 465 6
530 465 6
713 465 3
774 465 3
957 465 4
42 496 4
103 496 3
164 496 3
347 496 3
408 496 3
591 496 3
652 496 3
835 496 3
896 496 3
957 496 4
42 527 4
225 527 3
286 527 3
469 527 6
530 527 6
713 527 3
774 527 3
957 527 4
42 558 4
103 558 4
164 558 4
347 558 4
408 558 4
591 558 4
652 558 4
835 558 4
896 558 4
957 558 4
42 589 4
225 589 4
286 589 4
469 589 4
530 589 4
713 589 4
774 589 4
957 589 4
