225 93 6
347 93 0
408 93 0
469 93 0
530 93 0
591 93 0
652 93 0
774 93 6
225 124 6
347 124 0
408 124 0
469 124 0
530 124 0
591 124 0
652 124 0
774 124 6
286 155 6
347 155 0
408 155 0
469 155 0
530 155 0
591 155 0
652 155 0
713 155 6
286 186 6
347 186 0
408 186 0
469 186 0
530 186 0
591 186 0
652 186 0
713 186 6
225 217 5
286 217 5
347 217 5
408 217 5
469 217 5
530 217 5
591 217 5
652 217 5
713 217 5
774 217 5
225 248 5
286 248 5
347 248 2
408 248 5
469 248 5
530 248 5
591 248 5
652 248 2
713 248 5
774 248 5
164 279 4
225 279 5
286 279 5
347 279 2
408 279 5
469 279 5
530 279 5
591 279 5
652 279 2
713 279 5
774 279 5
835 279 4
164 310 4
225 310 5
286 310 5
347 310 5
408 310 5
469 310 5
530 310 5
591 310 5
652 310 5
713 310 5
774 310 5
835 310 4
103 341 4
164 341 4
225 341 5
286 341 5
347 341 5
408 341 5
469 341 5
530 341 5
591 341 5
652 341 5
713 341 5
774 341 5
835 341 4
896 341 4
103 372 4
164 372 4
225 372 5
286 372 5
347 372 5
408 372 5
469 372 5
530 372 5
591 372 5
652 372 5
713 372 5
774 372 5
835 372 4
896 372 4
103 403 4
164 403 4
225 403 5
286 403 5
347 403 5
408 403 5
469 403 5
530 403 5
591 403 5
652 403 5
713 403 5
774 403 5
835 403 4
896 403 4
103 434 4
225 434 5
286 434 5
347 434 5
408 434 5
469 434 5
530 434 5
591 434 5
652 434 5
713 434 5
774 434 5
896 434 4
103 465 4
225 465 5
286 465 5
347 465 5
408 465 5
469 465 5
530 465 5
591 465 5
652 465 5
713 465 5
774 465 5
896 465 4
103 496 4
225 496 4
774 496 4
896 496 4
225 527 4
774 527 4
225 558 4
286 558 4
347 558 4
408 558 4
591 558 4
652 558 4
713 558 4
774 558 4
