225 93 6
347 93 0
408 93 0
469 93 0
530 93 0
591 93 0
652 93 0
774 93 6
225 124 6
347 124 0
408 124 0
469 124 0
530 124 0
591 124 0
652 124 0
774 124 6
286 155 6
347 155 0
408 155 0
469 155 0
530 155 0
591 155 0
652 155 0
713 155 6
286 186 6
347 186 0
408 186 0
469 186 0
530 186 0
591 186 0
652 186 0
713 186 6
225 217 2
286 217 2
347 217 2
408 217 2
469 217 2
530 217 2
591 217 2
652 217 2
713 217 2
774 217 2
225 248 2
286 248 2
347 248 2
408 248 2
469 248 2
530 248 2
591 248 2
652 248 2
713 248 2
774 248 2
164 279 2
225 279 2
286 279 2
347 279 4
408 279 2
469 279 2
530 279 2
591 279 2
652 279 4
713 279 2
774 279 2
835 279 2
164 310 2
225 310 2
286 310 2
347 310 4
408 310 2
469 310 2
530 310 2
591 310 2
652 310 4
713 310 2
774 310 2
835 310 2
164 341 2
225 341 2
286 341 2
347 341 2
408 341 2
469 341 2
530 341 2
591 341 2
652 341 2
713 341 2
774 341 2
835 341 2
164 372 2
225 372 2
286 372 2
347 372 2
408 372 2
469 372 2
530 372 2
591 372 2
652 372 2
713 372 2
774 372 2
835 372 2
164 403 2
225 403 2
286 403 2
347 403 2
408 403 2
469 403 2
530 403 2
591 403 2
652 403 2
713 403 2
774 403 2
835 403 2
164 434 5
225 434 6
286 434 2
347 434 2
408 434 2
469 434 2
530 434 2
591 434 2
652 434 2
713 434 2
774 434 6
835 434 5
164 465 5
225 465 6
286 465 2
347 465 2
408 465 2
469 465 2
530 465 2
591 465 2
652 465 2
713 465 2
774 465 6
835 465 5
164 496 5
286 496 2
713 496 2
835 496 5
164 527 5
286 527 5
347 527 5
408 527 5
591 527 5
652 527 5
713 527 5
835 527 5
164 558 5
286 558 5
347 558 5
408 558 5
591 558 5
652 558 5
713 558 5
835 558 5
