42 31 4
103 31 4
164 31 4
225 31 4
286 31 4
347 31 4
408 31 4
469 31 4
530 31 4
591 31 4
652 31 4
713 31 4
774 31 4
835 31 4
896 31 4
957 31 4
42 62 4
103 62 4
164 62 4
225 62 4
286 62 4
347 62 4
408 62 4
469 62 4
530 62 4
591 62 4
652 62 4
713 62 4
774 62 4
835 62 4
896 62 4
957 62 4
42 93 4
103 93 4
896 93 4
957 93 4
42 124 4
103 124 4
286 124 6
347 124 1
408 124 1
469 124 6
530 124 6
591 124 1
652 124 1
713 124 6
896 124 4
957 124 4
42 155 4
103 155 4
225 155 2
347 155 1
408 155 1
469 155 1
530 155 1
591 155 1
652 155 1
774 155 2
896 155 4
957 155 4
42 186 4
103 186 4
225 186 2
286 186 2
408 186 1
469 186 1
530 186 1
591 186 1
713 186 2
774 186 2
896 186 4
957 186 4
42 217 4
103 217 4
225 217 2
286 217 2
347 217 2
469 217 1
530 217 1
652 217 2
713 217 2
774 217 2
896 217 4
957 217 4
42 248 4
103 248 4
225 248 2
286 248 2
347 248 2
408 248 2
591 248 2
652 248 2
713 248 2
774 248 2
896 248 4
957 248 4
42 279 4
103 279 4
225 279 2
286 279 2
347 279 2
408 279 2
591 279 2
652 279 2
713 279 2
774 279 2
896 279 4
957 279 4
42 310 4
103 310 4
225 310 2
286 310 2
347 310 2
469 310 1
530 310 1
652 310 2
713 310 2
774 310 2
896 310 4
957 310 4
42 341 4
103 341 4
225 341 2
286 341 2
408 341 1
469 341 1
530 341 1
591 341 1
713 341 2
774 341 2
896 341 4
957 341 4
42 372 4
103 372 4
225 372 2
347 372 1
408 372 1
469 372 1
530 372 1
591 372 1
652 372 1
774 372 2
896 372 4
957 372 4
42 403 4
103 403 4
286 403 6
347 403 1
408 403 1
469 403 6
530 403 6
591 403 1
652 403 1
713 403 6
896 403 4
957 403 4
42 434 4
103 434 4
896 434 4
957 434 4
