469 124 0
530 124 0
408 155 0
469 155 1
530 155 1
591 155 0
347 186 0
408 186 1
469 186 2
530 186 2
591 186 1
652 186 0
286 217 0
347 217 1
408 217 2
469 217 2
530 217 2
591 217 2
652 217 1
713 217 0
225 248 0
286 248 1
347 248 2
408 248 2
469 248 2
530 248 2
591 248 2
652 248 2
713 248 1
774 248 0
225 279 0
286 279 1
347 279 2
408 279 2
469 279 2
530 279 2
591 279 2
652 279 2
713 279 1
774 279 0
286 310 0
347 310 1
408 310 2
469 310 2
530 310 2
591 310 2
652 310 1
713 310 0
347 341 0
408 341 1
469 341 2
530 341 2
591 341 1
652 341 0
408 372 0
469 372 1
530 372 1
591 372 0
469 403 0
530 403 0
