286 155 2
713 155 2
225 186 4
286 186 4
408 186 2
591 186 2
713 186 4
774 186 4
225 217 4
286 217 4
347 217 4
408 217 4
469 217 4
530 217 4
591 217 4
652 217 4
713 217 4
774 217 4
225 248 4
347 248 4
408 248 4
469 248 4
530 248 4
591 248 4
652 248 4
774 248 4
408 279 5
591 279 5
225 310 4
347 310 4
408 310 4
469 310 4
530 310 4
591 310 4
652 310 4
774 310 4
225 341 4
286 341 4
347 341 4
408 341 4
469 341 4
530 341 4
591 341 4
652 341 4
713 341 4
774 341 4
225 372 4
286 372 4
408 372 2
591 372 2
713 372 4
774 372 4
286 403 2
713 403 2
