225 124 4
286 124 4
347 124 4
408 124 4
591 124 4
652 124 4
713 124 4
774 124 4
225 155 4
408 155 4
591 155 4
774 155 4
225 186 6
286 186 2
347 186 2
408 186 4
469 186 0
530 186 0
591 186 4
652 186 2
713 186 2
774 186 6
225 217 4
408 217 4
469 217 0
530 217 0
591 217 4
774 217 4
225 248 4
286 248 4
347 248 4
408 248 3
591 248 3
652 248 4
713 248 4
774 248 4
408 279 0
469 279 0
530 279 0
591 279 0
408 310 0
469 310 0
530 310 0
591 310 0
225 341 4
286 341 4
347 341 4
408 341 3
591 341 3
652 341 4
713 341 4
774 341 4
225 372 4
408 372 4
469 372 0
530 372 0
591 372 4
774 372 4
225 403 6
286 403 2
347 403 2
408 403 4
469 403 0
530 403 0
591 403 4
652 403 2
713 403 2
774 403 6
225 434 4
408 434 4
591 434 4
774 434 4
225 465 4
286 465 4
347 465 4
408 465 4
591 465 4
652 465 4
713 465 4
774 465 4
